Multiple size <= 100
TEST 22 ARG:11 29 89 23 57 66 36 8 14 72 26 60 79 49 80 61 35 99 22 20 92 28 54 94 24 48 90 75 45 91 38 84 50 27 53 98 73 6 21 43 44 93 85 83 33 71 82 76 25 1 87 68 77 40 88 37 18 46 56 9 63 31 4 19 15 81 34 16 52 41 59 32 55 69 47 95 62 0 12 7 51 10 2 96 86 30 42 70 5 78 58 13 65 97 17 64 74 67 39 3 
TEST 32 ARG:61 92 53 35 38 18 98 10 88 89 32 67 7 22 60 64 72 12 49 66 16 68 50 37 93 96 79 46 55 39 83 0 27 41 34 85 25 91 73 21 58 82 26 90 9 65 40 28 70 33 59 57 52 4 62 13 71 95 78 3 56 5 17 48 29 30 1 8 14 86 94 81 54 75 45 63 97 74 36 80 15 19 24 76 87 20 31 69 6 42 51 77 84 47 11 43 99 2 44 23 
TEST 37 ARG:87 35 80 57 16 42 39 48 59 14 26 11 10 25 55 33 12 73 58 97 88 46 66 94 77 8 29 30 74 79 21 64 9 43 32 2 89 13 61 1 37 44 22 50 24 90 76 62 51 75 78 17 92 71 4 84 56 86 96 91 36 15 40 28 5 70 0 99 34 95 54 23 52 47 53 72 45 60 31 69 81 65 19 38 67 27 20 82 3 18 49 63 93 6 7 85 68 41 83 98 
TEST 59 ARG:54 44 65 62 24 99 10 89 11 74 88 52 1 96 23 47 38 93 45 19 81 25 87 71 58 84 73 18 22 68 37 36 50 31 75 83 66 70 7 67 82 76 12 56 33 51 77 30 4 41 34 85 98 5 43 53 95 69 78 0 3 2 61 27 55 6 20 35 80 91 49 64 60 9 14 29 17 46 16 90 13 63 32 39 92 86 26 21 28 48 94 8 42 79 40 97 57 72 15 59 
TEST 94 ARG:87 37 34 1 53 57 82 77 60 93 54 2 52 42 5 96 73 80 43 63 33 8 92 98 3 66 90 28 24 17 19 21 78 89 41 95 56 69 94 12 81 27 79 65 97 22 64 68 49 59 25 71 35 58 47 70 20 6 62 30 36 99 76 86 84 18 83 13 75 88 85 67 29 61 9 44 50 4 40 10 39 38 48 0 91 23 72 51 45 31 46 26 32 7 14 11 15 16 55 74 
TEST 138 ARG:75 35 78 65 49 6 34 31 96 54 20 45 81 33 11 3 2 71 70 92 94 58 59 69 95 72 89 15 22 84 82 73 97 63 32 38 39 99 7 80 48 57 24 55 93 12 79 30 76 19 36 53 41 62 64 87 17 86 51 13 29 52 5 37 60 88 18 85 44 23 27 98 61 4 21 28 68 9 46 42 66 1 74 77 67 90 10 40 50 8 91 16 83 25 14 43 0 26 56 47 
TEST 149 ARG:4 17 61 70 11 57 58 6 2 98 38 3 83 31 95 59 5 80 69 73 60 54 75 41 18 71 91 64 89 15 22 63 24 8 65 94 35 49 86 30 9 37 13 81 1 97 33 19 42 53 52 27 45 36 29 77 40 28 0 20 16 67 85 90 44 48 93 74 79 14 34 46 23 88 82 51 55 99 87 47 84 92 72 25 43 39 78 26 96 21 62 66 76 32 68 50 12 10 56 7 
TEST 185 ARG:99 97 62 28 31 52 81 39 60 65 80 37 6 16 69 53 61 88 46 71 50 68 59 44 10 27 91 34 72 77 87 30 42 45 96 3 43 32 94 11 74 20 89 85 0 47 12 2 92 17 19 98 86 13 70 40 25 64 51 21 84 7 63 54 41 93 58 33 67 24 35 8 4 56 29 14 75 73 15 57 5 1 49 90 26 48 9 95 36 23 38 76 66 79 82 55 18 83 22 78 
TEST 186 ARG:0 15 21 98 17 23 11 90 49 81 47 68 95 94 77 33 82 45 72 92 16 4 56 58 91 99 50 76 78 59 69 66 27 30 70 88 65 44 6 97 18 83 14 86 48 53 10 84 36 24 62 2 29 54 31 20 42 80 75 67 26 79 22 93 19 32 9 1 12 46 25 57 60 43 61 71 63 28 3 8 85 41 52 73 5 13 40 34 51 87 74 7 89 39 64 38 55 35 96 37 
TEST 193 ARG:2 37 72 28 5 60 52 51 6 24 40 58 66 78 73 39 55 30 95 27 89 79 12 29 43 63 34 32 48 45 10 90 86 4 3 8 47 85 91 17 92 36 50 97 16 38 98 21 42 65 46 49 94 74 25 0 1 69 62 53 61 41 57 93 80 23 64 56 9 87 54 82 19 35 20 33 59 75 81 71 22 83 99 77 96 84 11 70 67 13 15 31 68 26 76 7 14 18 44 88 
Multiple size <= 500
TEST 1 ARG:45 -24 -246 75 76 -235 -241 -82 18 3 -139 143 55 44 -108 146 220 59 -99 85 164 79 93 -181 68 49 88 204 -79 -216 25 -11 -86 92 7 65 -156 234 -70 202 15 39 -195 8 24 -225 106 -247 -147 -174 166 -31 205 -106 197 86 -183 -198 179 -98 114 219 -41 -83 -42 -63 -44 -93 -26 -238 -134 -4 129 -54 -102 168 216 -101 217 -18 123 -197 -227 -126 -186 -184 -177 226 -123 -169 -1 -142 -105 195 -209 -168 -226 116 127 248 67 -153 -178 -180 48 95 -66 193 228 61 -193 142 186 -61 157 -199 149 238 210 136 -45 -7 171 -250 80 -210 126 -76 17 -141 -224 -229 194 124 120 -91 -9 161 -2 89 201 29 109 -28 -127 -48 177 -213 62 -71 131 -223 -157 199 0 -14 81 231 36 -240 178 130 198 -59 119 43 47 -239 191 -171 -172 -194 -84 -217 -130 244 -124 1 -182 -164 -114 -219 -176 60 -249 -228 -237 53 218 212 -140 -32 -74 229 99 42 192 -175 2 70 35 -167 91 128 -117 -136 -29 -62 -89 87 51 41 69 -166 -116 -202 -12 -47 -131 -137 108 200 84 -189 -92 -15 57 230 -60 -95 245 211 -192 -78 -200 -188 -154 -111 115 19 56 -196 34 10 -170 64 -43 -17 187 94 -132 -85 14 232 23 -201 83 -214 148 97 28 -52 155 -90 -75 -160 90 -133 -97 -25 189 -128 -129 -53 9 -103 247 -49 173 -135 139 20 163 -94 -50 172 -233 -87 -191 141 185 -64 102 223 227 183 13 215 72 -222 31 249 -148 -245 -27 -138 242 30 -46 103 -122 -248 -206 243 -36 -5 233 -244 -218 71 -158 125 188 167 225 208 135 22 133 151 4 150 -22 98 -39 -163 -234 73 -38 37 -67 -19 -23 54 21 -20 -143 147 132 170 -145 11 12 27 -72 107 203 -207 224 240 32 140 -112 206 52 113 -242 138 169 -115 -152 160 -173 -125 213 -187 -21 182 63 237 154 175 -121 -40 16 -159 118 -77 5 -6 101 144 46 156 -100 196 -165 145 158 -230 184 235 -80 214 -118 -203 33 66 -8 -221 -109 -232 74 -215 181 -34 -56 -208 -146 153 -3 38 -51 -107 241 -37 -13 -179 246 -162 190 207 -65 -58 100 -119 -30 58 209 176 -68 121 -150 26 -35 110 -113 -236 6 239 82 77 -120 -104 -33 165 -151 50 -243 -185 78 -149 105 159 -69 -190 -96 117 122 -212 -231 -144 152 111 -88 104 221 -204 -10 180 96 -81 174 134 -55 -16 162 -161 137 40 -110 -205 -73 236 222 112 -211 -220 -57 -155 
TEST 2 ARG:23 77 37 222 -245 150 39 132 -250 -133 -77 -211 -219 -173 -24 -210 -92 108 -129 12 -224 -79 -117 116 94 -53 -58 44 92 54 201 152 -223 -155 11 -100 0 197 10 235 52 192 17 246 -121 -42 -75 -22 -238 231 -205 -208 -36 -62 -186 -102 -119 55 -147 -54 -114 -184 -35 -166 -124 -43 -221 153 225 96 20 124 249 -4 181 187 21 110 -126 137 -68 -85 6 131 57 -236 -149 -70 -141 -196 -240 -49 35 -21 -12 -110 209 68 127 184 -207 -63 -165 199 -51 -33 -158 -178 123 140 -91 242 64 -25 -142 -128 -143 69 51 78 -111 -130 -16 -247 -105 112 224 91 -30 198 15 -140 144 -215 -61 -168 -116 -28 211 14 79 -160 240 238 -156 119 76 3 -198 -217 -229 -94 233 232 -227 141 158 -161 -159 -18 109 139 63 8 188 49 -5 154 149 171 -99 118 89 67 126 38 -214 -216 85 74 216 -27 120 22 40 193 169 168 217 34 176 185 56 -72 -97 -220 13 117 189 -66 -138 165 -65 58 221 155 61 174 45 162 133 100 33 129 172 212 190 4 -112 -31 -20 244 -145 -74 88 -103 73 -29 30 115 161 245 191 -246 248 180 177 -48 -222 -197 -169 -239 208 47 -14 -181 121 -23 -204 65 214 125 -73 210 156 -50 -9 111 -152 -59 62 28 -226 102 204 82 -34 97 -101 32 -56 175 -120 -122 203 -1 80 -135 230 -90 -38 -175 -46 83 -134 19 -19 -225 -37 142 229 -248 167 -193 -6 -81 -180 84 107 -80 41 151 -109 -86 70 -76 -40 43 104 106 243 241 -209 -151 128 75 -41 -39 -174 -150 -67 27 95 -84 53 50 -96 -118 -93 136 148 -45 -242 170 213 42 234 -182 24 -8 205 -69 -163 -15 29 179 -107 -199 -154 9 -82 178 157 173 206 -206 -192 5 26 135 -201 18 219 -194 -243 -235 2 99 -195 196 236 -146 223 -171 218 -2 -108 36 159 -148 143 103 -249 86 215 -234 195 25 -3 -179 -125 228 147 -10 -139 207 -228 -13 -191 -104 164 -200 -113 -7 -95 -136 59 183 130 -64 200 -183 186 60 -241 72 -11 114 93 -212 -106 122 -190 -32 90 -203 -244 113 -232 -189 -218 166 -144 -132 -87 -172 31 -78 105 16 202 -98 -44 -52 -233 71 145 -188 -60 -187 -83 81 48 138 163 -213 87 -123 -167 -153 -88 101 -127 -55 -230 227 7 -137 -115 98 -57 182 -237 -47 -164 -185 -231 -157 -26 160 -177 146 1 247 -176 194 -17 46 66 220 239 -162 -71 -131 226 237 -170 134 -202 -89 
